// MilkShape 3D ASCII

Frames: 30
Frame: 1

Meshes: 1
"default" 0 0
6
0 1.914779 25.000000 -0.973422 0.888367 0.000000 -1
0 1.914779 -25.000000 -0.973422 0.000000 0.000000 -1
0 25.000000 -25.000000 -0.973422 0.000000 0.410164 -1
0 25.000000 25.000000 -0.973422 0.888367 0.410164 -1
0 58.197861 -25.000000 -0.973422 0.000000 1.000000 -1
0 58.197861 25.000000 -0.973422 0.888367 1.000000 -1
1
0.000000 0.000000 1.000000
4
0 0 1 2 0 0 0 1
0 0 2 3 0 0 0 1
0 3 2 4 0 0 0 1
0 3 4 5 0 0 0 1

Materials: 1
"Material.002"
1.000000 1.000000 1.000000 1.000000
0.800000 0.800000 0.800000 1.000000
0.500000 0.500000 0.500000 1.000000
0.000000 0.000000 0.000000 1.000000
0.185600
1.000000
""
""

Bones: 0
GroupComments: 0
MaterialComments: 0
BoneComments: 0
ModelComment: 0
